[device "522"]
serial = 578398
vendor = openaps.vendors.medtronic
expires = 2015-05-29T06:44:06.144556
model = 522

[device "pump"]
serial = 594040
vendor = openaps.vendors.medtronic
expires = 2015-06-01T08:36:41.681436
model = 723

