[device "522"]
serial = 578398
vendor = openaps.vendors.medtronic
expires = 2015-05-29T06:44:06.144556
model = 522

[device "pump"]
serial = 594040
vendor = openaps.vendors.medtronic
expires = 2015-06-03T19:55:24.697451
model = 723

